bR1	0	0	7	0
bR1	0	1	0	3
bR1	0	2	1	2
bR1	0	3	1	3
bR1	0	4	1	4
bR1	0	5	0	6
bR1	0	6	0	6
bR1	0	7	7	7
bR1	1	0	1	4
bR1	1	1	4	1
bR1	1	2	7	2
bR1	1	3	1	2
bR1	1	4	1	0
bR1	1	5	1	3
bR1	1	6	1	3
bR1	1	7	1	4
bR1	2	0	2	5
bR1	2	1	6	1
bR1	2	2	0	2
bR1	2	3	2	3
bR1	2	4	1	4
bR1	2	5	2	3
bR1	2	6	2	7
bR1	2	7	2	1
bR1	3	0	7	0
bR1	3	1	3	6
bR1	3	2	0	2
bR1	3	3	3	6
bR1	3	4	7	4
bR1	3	5	6	5
bR1	3	6	6	6
bR1	3	7	6	7
bR1	4	0	1	0
bR1	4	1	2	1
bR1	4	2	7	2
bR1	4	3	1	3
bR1	4	4	4	3
bR1	4	5	4	1
bR1	4	6	1	6
bR1	4	7	4	4
bR1	5	0	5	1
bR1	5	1	6	1
bR1	5	2	0	2
bR1	5	3	4	3
bR1	5	4	5	0
bR1	5	5	5	3
bR1	5	6	5	3
bR1	5	7	6	7
bR1	6	0	4	0
bR1	6	1	5	1
bR1	6	2	5	2
bR1	6	3	4	3
bR1	6	4	6	6
bR1	6	5	7	5
bR1	6	6	5	6
bR1	6	7	5	7
bR1	7	0	7	2
bR1	7	1	1	1
bR1	7	2	7	0
bR1	7	3	7	4
bR1	7	4	7	6
bR1	7	5	7	3
bR1	7	6	4	6
bR1	7	7	7	5
bT1	0	0	0	0
bT1	0	1	2	2
bT1	0	2	2	3
bT1	0	3	2	2
bT1	0	4	2	5
bT1	0	5	2	4
bT1	0	6	2	7
bT1	0	7	1	5
bT1	1	0	3	1
bT1	1	1	3	2
bT1	1	2	0	4
bT1	1	3	1	3
bT1	1	4	0	2
bT1	1	5	3	6
bT1	1	6	1	6
bT1	1	7	1	7
bT1	2	0	2	0
bT1	2	1	0	2
bT1	2	2	3	0
bT1	2	3	0	2
bT1	2	4	0	3
bT1	2	5	1	3
bT1	2	6	4	7
bT1	2	7	2	7
bT1	3	0	5	1
bT1	3	1	2	3
bT1	3	2	2	4
bT1	3	3	2	5
bT1	3	4	5	3
bT1	3	5	5	6
bT1	3	6	3	6
bT1	3	7	3	7
bT1	4	0	3	2
bT1	4	1	2	0
bT1	4	2	5	4
bT1	4	3	5	5
bT1	4	4	4	4
bT1	4	5	6	4
bT1	4	6	6	7
bT1	4	7	6	6
bT1	5	0	6	2
bT1	5	1	3	0
bT1	5	2	7	1
bT1	5	3	4	5
bT1	5	4	4	6
bT1	5	5	4	7
bT1	5	6	7	5
bT1	5	7	4	5
bT1	6	0	5	2
bT1	6	1	5	3
bT1	6	2	4	3
bT1	6	3	6	3
bT1	6	4	5	6
bT1	6	5	5	7
bT1	6	6	5	4
bT1	6	7	7	5
bT1	7	0	6	2
bT1	7	1	5	0
bT1	7	2	6	4
bT1	7	3	5	4
bT1	7	4	5	5
bT1	7	5	7	5
bT1	7	6	5	5
bT1	7	7	7	7
bB1	0	0	6	6
bB1	0	1	2	3
bB1	0	2	3	5
bB1	0	3	4	7
bB1	0	4	2	6
bB1	0	5	2	7
bB1	0	6	1	7
bB1	0	7	1	6
bB1	1	0	5	4
bB1	1	1	3	3
bB1	1	2	2	1
bB1	1	3	2	2
bB1	1	4	5	0
bB1	1	5	3	3
bB1	1	6	3	4
bB1	1	7	2	6
bB1	2	0	7	5
bB1	2	1	7	6
bB1	2	2	4	0
bB1	2	3	4	1
bB1	2	4	1	5
bB1	2	5	0	7
bB1	2	6	1	7
bB1	2	7	0	5
bB1	3	0	3	0
bB1	3	1	1	3
bB1	3	2	1	4
bB1	3	3	2	2
bB1	3	4	6	7
bB1	3	5	6	2
bB1	3	6	2	7
bB1	3	7	5	5
bB1	4	0	7	3
bB1	4	1	2	3
bB1	4	2	1	5
bB1	4	3	7	0
bB1	4	4	2	2
bB1	4	5	1	2
bB1	4	6	2	4
bB1	4	7	1	4
bB1	5	0	0	5
bB1	5	1	0	6
bB1	5	2	3	0
bB1	5	3	4	2
bB1	5	4	6	3
bB1	5	5	4	4
bB1	5	6	2	3
bB1	5	7	7	5
bB1	6	0	4	2
bB1	6	1	3	4
bB1	6	2	5	1
bB1	6	3	4	5
bB1	6	4	7	5
bB1	6	5	7	6
bB1	6	6	3	3
bB1	6	7	6	7
bB1	7	0	6	1
bB1	7	1	2	6
bB1	7	2	5	0
bB1	7	3	6	2
bB1	7	4	5	6
bB1	7	5	5	7
bB1	7	6	6	5
bB1	7	7	4	4
bQ	0	0	0	3
bQ	0	1	0	2
bQ	0	2	5	7
bQ	0	3	0	2
bQ	0	4	7	4
bQ	0	5	2	3
bQ	0	6	4	6
bQ	0	7	4	7
bQ	1	0	5	0
bQ	1	1	0	0
bQ	1	2	2	2
bQ	1	3	1	7
bQ	1	4	1	7
bQ	1	5	3	7
bQ	1	6	4	3
bQ	1	7	1	5
bQ	2	0	2	0
bQ	2	1	6	1
bQ	2	2	6	6
bQ	2	3	1	4
bQ	2	4	4	4
bQ	2	5	3	5
bQ	2	6	2	2
bQ	2	7	3	7
bQ	3	0	1	2
bQ	3	1	4	0
bQ	3	2	0	2
bQ	3	3	3	3
bQ	3	4	6	4
bQ	3	5	7	5
bQ	3	6	6	6
bQ	3	7	5	5
bQ	4	0	3	1
bQ	4	1	5	2
bQ	4	2	6	0
bQ	4	3	4	5
bQ	4	4	2	2
bQ	4	5	4	3
bQ	4	6	7	3
bQ	4	7	6	5
bQ	5	0	5	3
bQ	5	1	2	1
bQ	5	2	5	7
bQ	5	3	6	4
bQ	5	4	2	4
bQ	5	5	5	7
bQ	5	6	4	5
bQ	5	7	2	4
bQ	6	0	6	4
bQ	6	1	6	5
bQ	6	2	6	4
bQ	6	3	6	0
bQ	6	4	4	6
bQ	6	5	0	5
bQ	6	6	7	7
bQ	6	7	3	4
bQ	7	0	4	0
bQ	7	1	5	1
bQ	7	2	2	7
bQ	7	3	5	5
bQ	7	4	7	5
bQ	7	5	7	4
bQ	7	6	5	6
bQ	7	7	7	5
bK	0	0	1	1
bK	0	1	0	1
bK	0	2	0	2
bK	0	3	0	2
bK	0	4	1	5
bK	0	5	0	6
bK	0	6	1	5
bK	0	7	1	6
bK	1	0	2	1
bK	1	1	2	1
bK	1	2	0	3
bK	1	3	1	3
bK	1	4	0	3
bK	1	5	2	5
bK	1	6	2	6
bK	1	7	0	6
bK	2	0	2	1
bK	2	1	3	0
bK	2	2	3	3
bK	2	3	3	2
bK	2	4	1	4
bK	2	5	2	5
bK	2	6	3	5
bK	2	7	3	7
bK	3	0	3	1
bK	3	1	2	2
bK	3	2	3	2
bK	3	3	2	4
bK	3	4	4	3
bK	3	5	4	5
bK	3	6	2	7
bK	3	7	2	7
bK	4	0	5	0
bK	4	1	3	1
bK	4	2	4	2
bK	4	3	4	2
bK	4	4	4	5
bK	4	5	5	5
bK	4	6	5	5
bK	4	7	4	7
bK	5	0	4	0
bK	5	1	6	1
bK	5	2	4	3
bK	5	3	5	2
bK	5	4	4	4
bK	5	5	4	6
bK	5	6	5	6
bK	5	7	4	6
bK	6	0	7	1
bK	6	1	6	0
bK	6	2	5	2
bK	6	3	7	2
bK	6	4	5	5
bK	6	5	7	4
bK	6	6	6	7
bK	6	7	6	7
bK	7	0	7	0
bK	7	1	6	1
bK	7	2	6	1
bK	7	3	7	2
bK	7	4	7	5
bK	7	5	6	5
bK	7	6	6	6
bK	7	7	7	6
bB2	0	0	3	3
bB2	0	1	0	1
bB2	0	2	1	3
bB2	0	3	2	1
bB2	0	4	0	4
bB2	0	5	2	7
bB2	0	6	4	2
bB2	0	7	0	7
bB2	1	0	6	5
bB2	1	1	0	2
bB2	1	2	2	1
bB2	1	3	4	0
bB2	1	4	5	0
bB2	1	5	2	4
bB2	1	6	3	4
bB2	1	7	5	3
bB2	2	0	6	4
bB2	2	1	7	6
bB2	2	2	0	4
bB2	2	3	4	5
bB2	2	4	6	0
bB2	2	5	3	6
bB2	2	6	5	3
bB2	2	7	2	7
bB2	3	0	0	3
bB2	3	1	4	0
bB2	3	2	6	5
bB2	3	3	1	1
bB2	3	4	5	2
bB2	3	5	6	2
bB2	3	6	1	4
bB2	3	7	4	6
bB2	4	0	6	2
bB2	4	1	1	4
bB2	4	2	5	3
bB2	4	3	7	6
bB2	4	4	2	6
bB2	4	5	6	3
bB2	4	6	0	2
bB2	4	7	4	7
bB2	5	0	3	2
bB2	5	1	6	0
bB2	5	2	6	3
bB2	5	3	1	7
bB2	5	4	3	6
bB2	5	5	5	5
bB2	5	6	4	7
bB2	5	7	4	6
bB2	6	0	6	0
bB2	6	1	6	1
bB2	6	2	5	1
bB2	6	3	2	7
bB2	6	4	5	3
bB2	6	5	7	4
bB2	6	6	7	5
bB2	6	7	5	6
bB2	7	0	4	3
bB2	7	1	7	1
bB2	7	2	5	4
bB2	7	3	6	4
bB2	7	4	5	2
bB2	7	5	4	2
bB2	7	6	6	7
bB2	7	7	5	5
bT2	0	0	2	1
bT2	0	1	1	3
bT2	0	2	1	0
bT2	0	3	0	3
bT2	0	4	1	6
bT2	0	5	1	3
bT2	0	6	2	5
bT2	0	7	1	5
bT2	1	0	2	2
bT2	1	1	3	2
bT2	1	2	0	4
bT2	1	3	3	2
bT2	1	4	3	3
bT2	1	5	1	5
bT2	1	6	3	5
bT2	1	7	2	5
bT2	2	0	3	2
bT2	2	1	0	2
bT2	2	2	1	0
bT2	2	3	3	5
bT2	2	4	0	5
bT2	2	5	0	6
bT2	2	6	1	4
bT2	2	7	2	7
bT2	3	0	4	2
bT2	3	1	1	0
bT2	3	2	5	3
bT2	3	3	4	5
bT2	3	4	4	6
bT2	3	5	1	6
bT2	3	6	1	7
bT2	3	7	4	5
bT2	4	0	4	0
bT2	4	1	2	2
bT2	4	2	2	1
bT2	4	3	5	1
bT2	4	4	3	2
bT2	4	5	3	7
bT2	4	6	5	4
bT2	4	7	5	5
bT2	5	0	6	2
bT2	5	1	4	3
bT2	5	2	4	4
bT2	5	3	4	1
bT2	5	4	6	2
bT2	5	5	7	6
bT2	5	6	3	7
bT2	5	7	6	5
bT2	6	0	7	2
bT2	6	1	6	1
bT2	6	2	5	4
bT2	6	3	4	2
bT2	6	4	7	2
bT2	6	5	7	3
bT2	6	6	6	6
bT2	6	7	4	6
bT2	7	0	5	1
bT2	7	1	5	0
bT2	7	2	6	0
bT2	7	3	7	3
bT2	7	4	5	5
bT2	7	5	6	7
bT2	7	6	6	4
bT2	7	7	6	5
bR2	0	0	0	2
bR2	0	1	0	5
bR2	0	2	0	7
bR2	0	3	0	0
bR2	0	4	0	3
bR2	0	5	0	4
bR2	0	6	4	6
bR2	0	7	4	7
bR2	1	0	2	0
bR2	1	1	4	1
bR2	1	2	1	7
bR2	1	3	1	6
bR2	1	4	4	4
bR2	1	5	1	5
bR2	1	6	1	6
bR2	1	7	5	7
bR2	2	0	2	0
bR2	2	1	1	1
bR2	2	2	0	2
bR2	2	3	4	3
bR2	2	4	2	0
bR2	2	5	6	5
bR2	2	6	4	6
bR2	2	7	2	6
bR2	3	0	3	4
bR2	3	1	7	1
bR2	3	2	0	2
bR2	3	3	3	6
bR2	3	4	3	1
bR2	3	5	1	5
bR2	3	6	3	0
bR2	3	7	3	0
bR2	4	0	5	0
bR2	4	1	4	0
bR2	4	2	4	1
bR2	4	3	2	3
bR2	4	4	4	3
bR2	4	5	4	5
bR2	4	6	4	5
bR2	4	7	7	7
bR2	5	0	5	7
bR2	5	1	4	1
bR2	5	2	1	2
bR2	5	3	2	3
bR2	5	4	5	1
bR2	5	5	0	5
bR2	5	6	0	6
bR2	5	7	5	4
bR2	6	0	6	7
bR2	6	1	6	6
bR2	6	2	5	2
bR2	6	3	2	3
bR2	6	4	6	2
bR2	6	5	6	3
bR2	6	6	6	4
bR2	6	7	6	1
bR2	7	0	1	0
bR2	7	1	7	6
bR2	7	2	4	2
bR2	7	3	7	0
bR2	7	4	7	1
bR2	7	5	7	3
bR2	7	6	1	6
bR2	7	7	5	7
bP1	0	0	1	0
bP1	0	1	0	1
bP1	0	2	1	2
bP1	0	3	1	3
bP1	0	4	0	4
bP1	0	5	0	5
bP1	0	6	1	6
bP1	0	7	1	7
bP1	1	0	2	0
bP1	1	1	2	1
bP1	1	2	2	2
bP1	1	3	3	3
bP1	1	4	2	4
bP1	1	5	1	5
bP1	1	6	2	6
bP1	1	7	2	7
bP1	2	0	3	0
bP1	2	1	3	1
bP1	2	2	2	2
bP1	2	3	3	3
bP1	2	4	2	4
bP1	2	5	3	5
bP1	2	6	3	6
bP1	2	7	2	7
bP1	3	0	4	0
bP1	3	1	4	1
bP1	3	2	4	2
bP1	3	3	3	3
bP1	3	4	3	4
bP1	3	5	3	5
bP1	3	6	4	6
bP1	3	7	3	7
bP1	4	0	4	0
bP1	4	1	5	1
bP1	4	2	4	2
bP1	4	3	5	3
bP1	4	4	5	4
bP1	4	5	5	5
bP1	4	6	5	6
bP1	4	7	4	7
bP1	5	0	6	0
bP1	5	1	5	1
bP1	5	2	6	2
bP1	5	3	5	3
bP1	5	4	5	4
bP1	5	5	6	5
bP1	5	6	5	6
bP1	5	7	5	7
bP1	6	0	7	0
bP1	6	1	6	1
bP1	6	2	7	2
bP1	6	3	6	3
bP1	6	4	6	4
bP1	6	5	6	5
bP1	6	6	6	6
bP1	6	7	6	7
bP1	7	0	7	0
bP1	7	1	7	1
bP1	7	2	7	2
bP1	7	3	7	3
bP1	7	4	7	4
bP1	7	5	7	5
bP1	7	6	7	6
bP1	7	7	7	7
bP2	0	0	1	0
bP2	0	1	0	1
bP2	0	2	1	2
bP2	0	3	0	3
bP2	0	4	0	4
bP2	0	5	0	5
bP2	0	6	0	6
bP2	0	7	1	7
bP2	1	0	2	0
bP2	1	1	3	1
bP2	1	2	1	2
bP2	1	3	1	3
bP2	1	4	2	4
bP2	1	5	1	5
bP2	1	6	2	6
bP2	1	7	1	7
bP2	2	0	2	0
bP2	2	1	2	1
bP2	2	2	2	2
bP2	2	3	3	3
bP2	2	4	3	4
bP2	2	5	2	5
bP2	2	6	2	6
bP2	2	7	2	7
bP2	3	0	3	0
bP2	3	1	4	1
bP2	3	2	3	2
bP2	3	3	4	3
bP2	3	4	4	4
bP2	3	5	4	5
bP2	3	6	4	6
bP2	3	7	4	7
bP2	4	0	5	0
bP2	4	1	4	1
bP2	4	2	4	2
bP2	4	3	4	3
bP2	4	4	5	4
bP2	4	5	4	5
bP2	4	6	5	6
bP2	4	7	5	7
bP2	5	0	6	0
bP2	5	1	6	1
bP2	5	2	5	2
bP2	5	3	6	3
bP2	5	4	6	4
bP2	5	5	6	5
bP2	5	6	6	6
bP2	5	7	6	7
bP2	6	0	7	0
bP2	6	1	7	1
bP2	6	2	6	2
bP2	6	3	6	3
bP2	6	4	6	4
bP2	6	5	7	5
bP2	6	6	6	6
bP2	6	7	7	7
bP2	7	0	7	0
bP2	7	1	7	1
bP2	7	2	7	2
bP2	7	3	7	3
bP2	7	4	7	4
bP2	7	5	7	5
bP2	7	6	7	6
bP2	7	7	7	7
bP3	0	0	0	0
bP3	0	1	0	1
bP3	0	2	1	2
bP3	0	3	0	3
bP3	0	4	0	4
bP3	0	5	1	5
bP3	0	6	1	6
bP3	0	7	1	7
bP3	1	0	3	0
bP3	1	1	1	1
bP3	1	2	1	2
bP3	1	3	1	3
bP3	1	4	2	4
bP3	1	5	1	5
bP3	1	6	1	6
bP3	1	7	3	7
bP3	2	0	2	0
bP3	2	1	2	1
bP3	2	2	3	2
bP3	2	3	2	3
bP3	2	4	2	4
bP3	2	5	2	5
bP3	2	6	2	6
bP3	2	7	3	7
bP3	3	0	3	0
bP3	3	1	3	1
bP3	3	2	3	2
bP3	3	3	3	3
bP3	3	4	3	4
bP3	3	5	4	5
bP3	3	6	3	6
bP3	3	7	3	7
bP3	4	0	5	0
bP3	4	1	5	1
bP3	4	2	4	2
bP3	4	3	5	3
bP3	4	4	5	4
bP3	4	5	5	5
bP3	4	6	4	6
bP3	4	7	5	7
bP3	5	0	6	0
bP3	5	1	5	1
bP3	5	2	5	2
bP3	5	3	5	3
bP3	5	4	6	4
bP3	5	5	5	5
bP3	5	6	6	6
bP3	5	7	6	7
bP3	6	0	6	0
bP3	6	1	7	1
bP3	6	2	6	2
bP3	6	3	7	3
bP3	6	4	7	4
bP3	6	5	6	5
bP3	6	6	7	6
bP3	6	7	6	7
bP3	7	0	7	0
bP3	7	1	7	1
bP3	7	2	7	2
bP3	7	3	7	3
bP3	7	4	7	4
bP3	7	5	7	5
bP3	7	6	7	6
bP3	7	7	7	7
bP4	0	0	0	0
bP4	0	1	0	1
bP4	0	2	0	2
bP4	0	3	1	3
bP4	0	4	1	4
bP4	0	5	0	5
bP4	0	6	1	6
bP4	0	7	1	7
bP4	1	0	3	0
bP4	1	1	2	1
bP4	1	2	1	2
bP4	1	3	2	3
bP4	1	4	1	4
bP4	1	5	1	5
bP4	1	6	2	6
bP4	1	7	2	7
bP4	2	0	3	0
bP4	2	1	2	1
bP4	2	2	3	2
bP4	2	3	3	3
bP4	2	4	2	4
bP4	2	5	3	5
bP4	2	6	2	6
bP4	2	7	3	7
bP4	3	0	3	0
bP4	3	1	4	1
bP4	3	2	4	2
bP4	3	3	4	3
bP4	3	4	3	4
bP4	3	5	4	5
bP4	3	6	4	6
bP4	3	7	4	7
bP4	4	0	4	0
bP4	4	1	4	1
bP4	4	2	5	2
bP4	4	3	5	3
bP4	4	4	5	4
bP4	4	5	4	5
bP4	4	6	4	6
bP4	4	7	5	7
bP4	5	0	6	0
bP4	5	1	6	1
bP4	5	2	6	2
bP4	5	3	6	3
bP4	5	4	5	4
bP4	5	5	6	5
bP4	5	6	6	6
bP4	5	7	5	7
bP4	6	0	7	0
bP4	6	1	7	1
bP4	6	2	6	2
bP4	6	3	6	3
bP4	6	4	6	4
bP4	6	5	7	5
bP4	6	6	7	6
bP4	6	7	7	7
bP4	7	0	7	0
bP4	7	1	7	1
bP4	7	2	7	2
bP4	7	3	7	3
bP4	7	4	7	4
bP4	7	5	7	5
bP4	7	6	7	6
bP4	7	7	7	7
bP5	0	0	1	0
bP5	0	1	1	1
bP5	0	2	0	2
bP5	0	3	0	3
bP5	0	4	1	4
bP5	0	5	1	5
bP5	0	6	0	6
bP5	0	7	0	7
bP5	1	0	2	0
bP5	1	1	1	1
bP5	1	2	2	2
bP5	1	3	2	3
bP5	1	4	3	4
bP5	1	5	2	5
bP5	1	6	2	6
bP5	1	7	3	7
bP5	2	0	2	0
bP5	2	1	2	1
bP5	2	2	3	2
bP5	2	3	2	3
bP5	2	4	3	4
bP5	2	5	3	5
bP5	2	6	2	6
bP5	2	7	2	7
bP5	3	0	4	0
bP5	3	1	4	1
bP5	3	2	3	2
bP5	3	3	4	3
bP5	3	4	3	4
bP5	3	5	3	5
bP5	3	6	3	6
bP5	3	7	4	7
bP5	4	0	4	0
bP5	4	1	5	1
bP5	4	2	4	2
bP5	4	3	4	3
bP5	4	4	4	4
bP5	4	5	5	5
bP5	4	6	5	6
bP5	4	7	4	7
bP5	5	0	5	0
bP5	5	1	6	1
bP5	5	2	6	2
bP5	5	3	5	3
bP5	5	4	6	4
bP5	5	5	5	5
bP5	5	6	6	6
bP5	5	7	6	7
bP5	6	0	7	0
bP5	6	1	6	1
bP5	6	2	6	2
bP5	6	3	6	3
bP5	6	4	6	4
bP5	6	5	7	5
bP5	6	6	6	6
bP5	6	7	7	7
bP5	7	0	7	0
bP5	7	1	7	1
bP5	7	2	7	2
bP5	7	3	7	3
bP5	7	4	7	4
bP5	7	5	7	5
bP5	7	6	7	6
bP5	7	7	7	7
bP6	0	0	1	0
bP6	0	1	0	1
bP6	0	2	0	2
bP6	0	3	0	3
bP6	0	4	1	4
bP6	0	5	0	5
bP6	0	6	0	6
bP6	0	7	0	7
bP6	1	0	3	0
bP6	1	1	3	1
bP6	1	2	3	2
bP6	1	3	1	3
bP6	1	4	1	4
bP6	1	5	2	5
bP6	1	6	3	6
bP6	1	7	1	7
bP6	2	0	3	0
bP6	2	1	2	1
bP6	2	2	3	2
bP6	2	3	3	3
bP6	2	4	3	4
bP6	2	5	3	5
bP6	2	6	2	6
bP6	2	7	3	7
bP6	3	0	4	0
bP6	3	1	3	1
bP6	3	2	3	2
bP6	3	3	4	3
bP6	3	4	3	4
bP6	3	5	4	5
bP6	3	6	4	6
bP6	3	7	4	7
bP6	4	0	5	0
bP6	4	1	4	1
bP6	4	2	4	2
bP6	4	3	5	3
bP6	4	4	5	4
bP6	4	5	4	5
bP6	4	6	4	6
bP6	4	7	4	7
bP6	5	0	6	0
bP6	5	1	5	1
bP6	5	2	6	2
bP6	5	3	6	3
bP6	5	4	5	4
bP6	5	5	6	5
bP6	5	6	5	6
bP6	5	7	6	7
bP6	6	0	6	0
bP6	6	1	6	1
bP6	6	2	7	2
bP6	6	3	7	3
bP6	6	4	7	4
bP6	6	5	6	5
bP6	6	6	7	6
bP6	6	7	7	7
bP6	7	0	7	0
bP6	7	1	7	1
bP6	7	2	7	2
bP6	7	3	7	3
bP6	7	4	7	4
bP6	7	5	7	5
bP6	7	6	7	6
bP6	7	7	7	7
bP7	0	0	0	0
bP7	0	1	0	1
bP7	0	2	1	2
bP7	0	3	0	3
bP7	0	4	1	4
bP7	0	5	0	5
bP7	0	6	1	6
bP7	0	7	0	7
bP7	1	0	1	0
bP7	1	1	2	1
bP7	1	2	3	2
bP7	1	3	2	3
bP7	1	4	1	4
bP7	1	5	3	5
bP7	1	6	2	6
bP7	1	7	3	7
bP7	2	0	3	0
bP7	2	1	2	1
bP7	2	2	2	2
bP7	2	3	2	3
bP7	2	4	3	4
bP7	2	5	2	5
bP7	2	6	3	6
bP7	2	7	2	7
bP7	3	0	4	0
bP7	3	1	4	1
bP7	3	2	4	2
bP7	3	3	4	3
bP7	3	4	3	4
bP7	3	5	4	5
bP7	3	6	4	6
bP7	3	7	3	7
bP7	4	0	5	0
bP7	4	1	4	1
bP7	4	2	5	2
bP7	4	3	5	3
bP7	4	4	5	4
bP7	4	5	5	5
bP7	4	6	4	6
bP7	4	7	5	7
bP7	5	0	6	0
bP7	5	1	6	1
bP7	5	2	5	2
bP7	5	3	6	3
bP7	5	4	5	4
bP7	5	5	5	5
bP7	5	6	6	6
bP7	5	7	6	7
bP7	6	0	7	0
bP7	6	1	7	1
bP7	6	2	6	2
bP7	6	3	7	3
bP7	6	4	7	4
bP7	6	5	6	5
bP7	6	6	7	6
bP7	6	7	7	7
bP7	7	0	7	0
bP7	7	1	7	1
bP7	7	2	7	2
bP7	7	3	7	3
bP7	7	4	7	4
bP7	7	5	7	5
bP7	7	6	7	6
bP7	7	7	7	7
bP8	0	0	0	0
bP8	0	1	0	1
bP8	0	2	1	2
bP8	0	3	0	3
bP8	0	4	0	4
bP8	0	5	1	5
bP8	0	6	0	6
bP8	0	7	0	7
bP8	1	0	3	0
bP8	1	1	1	1
bP8	1	2	1	2
bP8	1	3	1	3
bP8	1	4	1	4
bP8	1	5	2	5
bP8	1	6	3	6
bP8	1	7	3	7
bP8	2	0	2	0
bP8	2	1	2	1
bP8	2	2	3	2
bP8	2	3	2	3
bP8	2	4	2	4
bP8	2	5	3	5
bP8	2	6	3	6
bP8	2	7	2	7
bP8	3	0	4	0
bP8	3	1	4	1
bP8	3	2	3	2
bP8	3	3	4	3
bP8	3	4	4	4
bP8	3	5	3	5
bP8	3	6	3	6
bP8	3	7	3	7
bP8	4	0	4	0
bP8	4	1	5	1
bP8	4	2	5	2
bP8	4	3	5	3
bP8	4	4	4	4
bP8	4	5	4	5
bP8	4	6	5	6
bP8	4	7	4	7
bP8	5	0	6	0
bP8	5	1	6	1
bP8	5	2	5	2
bP8	5	3	5	3
bP8	5	4	5	4
bP8	5	5	5	5
bP8	5	6	6	6
bP8	5	7	5	7
bP8	6	0	6	0
bP8	6	1	6	1
bP8	6	2	6	2
bP8	6	3	7	3
bP8	6	4	7	4
bP8	6	5	6	5
bP8	6	6	7	6
bP8	6	7	7	7
bP8	7	0	7	0
bP8	7	1	7	1
bP8	7	2	7	2
bP8	7	3	7	3
bP8	7	4	7	4
bP8	7	5	7	5
bP8	7	6	7	6
bP8	7	7	7	7
wP1	0	0	0	0
wP1	0	1	0	1
wP1	0	2	0	2
wP1	0	3	0	3
wP1	0	4	0	4
wP1	0	5	0	5
wP1	0	6	0	6
wP1	0	7	0	7
wP1	1	0	1	0
wP1	1	1	0	1
wP1	1	2	0	2
wP1	1	3	1	3
wP1	1	4	1	4
wP1	1	5	0	5
wP1	1	6	0	6
wP1	1	7	1	7
wP1	2	0	2	0
wP1	2	1	1	1
wP1	2	2	2	2
wP1	2	3	1	3
wP1	2	4	1	4
wP1	2	5	2	5
wP1	2	6	1	6
wP1	2	7	1	7
wP1	3	0	3	0
wP1	3	1	2	1
wP1	3	2	2	2
wP1	3	3	2	3
wP1	3	4	3	4
wP1	3	5	2	5
wP1	3	6	2	6
wP1	3	7	3	7
wP1	4	0	4	0
wP1	4	1	4	1
wP1	4	2	4	2
wP1	4	3	3	3
wP1	4	4	4	4
wP1	4	5	4	5
wP1	4	6	3	6
wP1	4	7	4	7
wP1	5	0	5	0
wP1	5	1	4	1
wP1	5	2	5	2
wP1	5	3	4	3
wP1	5	4	4	4
wP1	5	5	5	5
wP1	5	6	5	6
wP1	5	7	5	7
wP1	6	0	5	0
wP1	6	1	6	1
wP1	6	2	4	2
wP1	6	3	4	3
wP1	6	4	5	4
wP1	6	5	6	5
wP1	6	6	6	6
wP1	6	7	6	7
wP1	7	0	6	0
wP1	7	1	6	1
wP1	7	2	6	2
wP1	7	3	6	3
wP1	7	4	6	4
wP1	7	5	7	5
wP1	7	6	7	6
wP1	7	7	7	7
wP2	0	0	0	0
wP2	0	1	0	1
wP2	0	2	0	2
wP2	0	3	0	3
wP2	0	4	0	4
wP2	0	5	0	5
wP2	0	6	0	6
wP2	0	7	0	7
wP2	1	0	0	0
wP2	1	1	0	1
wP2	1	2	0	2
wP2	1	3	0	3
wP2	1	4	0	4
wP2	1	5	1	5
wP2	1	6	0	6
wP2	1	7	0	7
wP2	2	0	2	0
wP2	2	1	2	1
wP2	2	2	1	2
wP2	2	3	2	3
wP2	2	4	2	4
wP2	2	5	2	5
wP2	2	6	1	6
wP2	2	7	1	7
wP2	3	0	2	0
wP2	3	1	3	1
wP2	3	2	3	2
wP2	3	3	2	3
wP2	3	4	2	4
wP2	3	5	3	5
wP2	3	6	3	6
wP2	3	7	2	7
wP2	4	0	4	0
wP2	4	1	4	1
wP2	4	2	3	2
wP2	4	3	4	3
wP2	4	4	3	4
wP2	4	5	3	5
wP2	4	6	4	6
wP2	4	7	3	7
wP2	5	0	5	0
wP2	5	1	5	1
wP2	5	2	4	2
wP2	5	3	5	3
wP2	5	4	4	4
wP2	5	5	4	5
wP2	5	6	4	6
wP2	5	7	5	7
wP2	6	0	4	0
wP2	6	1	6	1
wP2	6	2	4	2
wP2	6	3	4	3
wP2	6	4	6	4
wP2	6	5	4	5
wP2	6	6	4	6
wP2	6	7	5	7
wP2	7	0	7	0
wP2	7	1	7	1
wP2	7	2	7	2
wP2	7	3	6	3
wP2	7	4	6	4
wP2	7	5	7	5
wP2	7	6	6	6
wP2	7	7	7	7
wP3	0	0	0	0
wP3	0	1	0	1
wP3	0	2	0	2
wP3	0	3	0	3
wP3	0	4	0	4
wP3	0	5	0	5
wP3	0	6	0	6
wP3	0	7	0	7
wP3	1	0	1	0
wP3	1	1	0	1
wP3	1	2	0	2
wP3	1	3	1	3
wP3	1	4	1	4
wP3	1	5	0	5
wP3	1	6	1	6
wP3	1	7	1	7
wP3	2	0	1	0
wP3	2	1	1	1
wP3	2	2	1	2
wP3	2	3	1	3
wP3	2	4	1	4
wP3	2	5	2	5
wP3	2	6	1	6
wP3	2	7	2	7
wP3	3	0	3	0
wP3	3	1	2	1
wP3	3	2	3	2
wP3	3	3	3	3
wP3	3	4	2	4
wP3	3	5	3	5
wP3	3	6	3	6
wP3	3	7	3	7
wP3	4	0	4	0
wP3	4	1	3	1
wP3	4	2	4	2
wP3	4	3	4	3
wP3	4	4	4	4
wP3	4	5	4	5
wP3	4	6	3	6
wP3	4	7	4	7
wP3	5	0	5	0
wP3	5	1	4	1
wP3	5	2	5	2
wP3	5	3	4	3
wP3	5	4	4	4
wP3	5	5	5	5
wP3	5	6	4	6
wP3	5	7	5	7
wP3	6	0	4	0
wP3	6	1	4	1
wP3	6	2	6	2
wP3	6	3	4	3
wP3	6	4	6	4
wP3	6	5	6	5
wP3	6	6	5	6
wP3	6	7	4	7
wP3	7	0	6	0
wP3	7	1	7	1
wP3	7	2	7	2
wP3	7	3	6	3
wP3	7	4	6	4
wP3	7	5	7	5
wP3	7	6	7	6
wP3	7	7	7	7
wP4	0	0	0	0
wP4	0	1	0	1
wP4	0	2	0	2
wP4	0	3	0	3
wP4	0	4	0	4
wP4	0	5	0	5
wP4	0	6	0	6
wP4	0	7	0	7
wP4	1	0	0	0
wP4	1	1	1	1
wP4	1	2	0	2
wP4	1	3	1	3
wP4	1	4	1	4
wP4	1	5	1	5
wP4	1	6	1	6
wP4	1	7	0	7
wP4	2	0	1	0
wP4	2	1	1	1
wP4	2	2	2	2
wP4	2	3	1	3
wP4	2	4	2	4
wP4	2	5	2	5
wP4	2	6	1	6
wP4	2	7	2	7
wP4	3	0	2	0
wP4	3	1	2	1
wP4	3	2	2	2
wP4	3	3	2	3
wP4	3	4	3	4
wP4	3	5	3	5
wP4	3	6	2	6
wP4	3	7	3	7
wP4	4	0	3	0
wP4	4	1	3	1
wP4	4	2	4	2
wP4	4	3	3	3
wP4	4	4	3	4
wP4	4	5	4	5
wP4	4	6	3	6
wP4	4	7	3	7
wP4	5	0	5	0
wP4	5	1	5	1
wP4	5	2	4	2
wP4	5	3	5	3
wP4	5	4	4	4
wP4	5	5	5	5
wP4	5	6	4	6
wP4	5	7	4	7
wP4	6	0	4	0
wP4	6	1	5	1
wP4	6	2	4	2
wP4	6	3	4	3
wP4	6	4	4	4
wP4	6	5	6	5
wP4	6	6	6	6
wP4	6	7	5	7
wP4	7	0	7	0
wP4	7	1	6	1
wP4	7	2	7	2
wP4	7	3	6	3
wP4	7	4	7	4
wP4	7	5	7	5
wP4	7	6	7	6
wP4	7	7	7	7
wP5	0	0	0	0
wP5	0	1	0	1
wP5	0	2	0	2
wP5	0	3	0	3
wP5	0	4	0	4
wP5	0	5	0	5
wP5	0	6	0	6
wP5	0	7	0	7
wP5	1	0	0	0
wP5	1	1	0	1
wP5	1	2	0	2
wP5	1	3	1	3
wP5	1	4	1	4
wP5	1	5	0	5
wP5	1	6	0	6
wP5	1	7	0	7
wP5	2	0	2	0
wP5	2	1	1	1
wP5	2	2	1	2
wP5	2	3	1	3
wP5	2	4	1	4
wP5	2	5	2	5
wP5	2	6	1	6
wP5	2	7	2	7
wP5	3	0	2	0
wP5	3	1	3	1
wP5	3	2	2	2
wP5	3	3	3	3
wP5	3	4	3	4
wP5	3	5	3	5
wP5	3	6	3	6
wP5	3	7	3	7
wP5	4	0	4	0
wP5	4	1	3	1
wP5	4	2	3	2
wP5	4	3	3	3
wP5	4	4	4	4
wP5	4	5	4	5
wP5	4	6	3	6
wP5	4	7	4	7
wP5	5	0	4	0
wP5	5	1	5	1
wP5	5	2	4	2
wP5	5	3	4	3
wP5	5	4	4	4
wP5	5	5	5	5
wP5	5	6	4	6
wP5	5	7	5	7
wP5	6	0	6	0
wP5	6	1	5	1
wP5	6	2	6	2
wP5	6	3	4	3
wP5	6	4	6	4
wP5	6	5	6	5
wP5	6	6	5	6
wP5	6	7	4	7
wP5	7	0	6	0
wP5	7	1	6	1
wP5	7	2	7	2
wP5	7	3	6	3
wP5	7	4	6	4
wP5	7	5	6	5
wP5	7	6	6	6
wP5	7	7	6	7
wP6	0	0	0	0
wP6	0	1	0	1
wP6	0	2	0	2
wP6	0	3	0	3
wP6	0	4	0	4
wP6	0	5	0	5
wP6	0	6	0	6
wP6	0	7	0	7
wP6	1	0	1	0
wP6	1	1	0	1
wP6	1	2	1	2
wP6	1	3	1	3
wP6	1	4	1	4
wP6	1	5	0	5
wP6	1	6	1	6
wP6	1	7	1	7
wP6	2	0	1	0
wP6	2	1	2	1
wP6	2	2	2	2
wP6	2	3	2	3
wP6	2	4	1	4
wP6	2	5	2	5
wP6	2	6	2	6
wP6	2	7	1	7
wP6	3	0	2	0
wP6	3	1	2	1
wP6	3	2	3	2
wP6	3	3	2	3
wP6	3	4	3	4
wP6	3	5	2	5
wP6	3	6	3	6
wP6	3	7	3	7
wP6	4	0	3	0
wP6	4	1	3	1
wP6	4	2	3	2
wP6	4	3	4	3
wP6	4	4	4	4
wP6	4	5	3	5
wP6	4	6	3	6
wP6	4	7	4	7
wP6	5	0	4	0
wP6	5	1	5	1
wP6	5	2	5	2
wP6	5	3	5	3
wP6	5	4	5	4
wP6	5	5	4	5
wP6	5	6	4	6
wP6	5	7	5	7
wP6	6	0	6	0
wP6	6	1	4	1
wP6	6	2	4	2
wP6	6	3	5	3
wP6	6	4	6	4
wP6	6	5	5	5
wP6	6	6	4	6
wP6	6	7	4	7
wP6	7	0	7	0
wP6	7	1	7	1
wP6	7	2	6	2
wP6	7	3	6	3
wP6	7	4	7	4
wP6	7	5	7	5
wP6	7	6	7	6
wP6	7	7	7	7
wP7	0	0	0	0
wP7	0	1	0	1
wP7	0	2	0	2
wP7	0	3	0	3
wP7	0	4	0	4
wP7	0	5	0	5
wP7	0	6	0	6
wP7	0	7	0	7
wP7	1	0	0	0
wP7	1	1	1	1
wP7	1	2	1	2
wP7	1	3	0	3
wP7	1	4	0	4
wP7	1	5	0	5
wP7	1	6	0	6
wP7	1	7	0	7
wP7	2	0	1	0
wP7	2	1	2	1
wP7	2	2	2	2
wP7	2	3	2	3
wP7	2	4	2	4
wP7	2	5	2	5
wP7	2	6	1	6
wP7	2	7	1	7
wP7	3	0	2	0
wP7	3	1	2	1
wP7	3	2	2	2
wP7	3	3	3	3
wP7	3	4	2	4
wP7	3	5	2	5
wP7	3	6	2	6
wP7	3	7	2	7
wP7	4	0	4	0
wP7	4	1	4	1
wP7	4	2	4	2
wP7	4	3	4	3
wP7	4	4	4	4
wP7	4	5	4	5
wP7	4	6	4	6
wP7	4	7	4	7
wP7	5	0	5	0
wP7	5	1	5	1
wP7	5	2	4	2
wP7	5	3	4	3
wP7	5	4	5	4
wP7	5	5	4	5
wP7	5	6	4	6
wP7	5	7	4	7
wP7	6	0	6	0
wP7	6	1	4	1
wP7	6	2	5	2
wP7	6	3	4	3
wP7	6	4	5	4
wP7	6	5	4	5
wP7	6	6	4	6
wP7	6	7	6	7
wP7	7	0	7	0
wP7	7	1	6	1
wP7	7	2	6	2
wP7	7	3	7	3
wP7	7	4	7	4
wP7	7	5	6	5
wP7	7	6	7	6
wP7	7	7	6	7
wP8	0	0	0	0
wP8	0	1	0	1
wP8	0	2	0	2
wP8	0	3	0	3
wP8	0	4	0	4
wP8	0	5	0	5
wP8	0	6	0	6
wP8	0	7	0	7
wP8	1	0	1	0
wP8	1	1	0	1
wP8	1	2	0	2
wP8	1	3	1	3
wP8	1	4	0	4
wP8	1	5	1	5
wP8	1	6	0	6
wP8	1	7	1	7
wP8	2	0	2	0
wP8	2	1	1	1
wP8	2	2	1	2
wP8	2	3	2	3
wP8	2	4	1	4
wP8	2	5	2	5
wP8	2	6	1	6
wP8	2	7	2	7
wP8	3	0	2	0
wP8	3	1	3	1
wP8	3	2	3	2
wP8	3	3	2	3
wP8	3	4	2	4
wP8	3	5	3	5
wP8	3	6	2	6
wP8	3	7	3	7
wP8	4	0	3	0
wP8	4	1	3	1
wP8	4	2	4	2
wP8	4	3	3	3
wP8	4	4	3	4
wP8	4	5	4	5
wP8	4	6	3	6
wP8	4	7	4	7
wP8	5	0	5	0
wP8	5	1	5	1
wP8	5	2	5	2
wP8	5	3	4	3
wP8	5	4	5	4
wP8	5	5	4	5
wP8	5	6	5	6
wP8	5	7	4	7
wP8	6	0	4	0
wP8	6	1	4	1
wP8	6	2	6	2
wP8	6	3	4	3
wP8	6	4	4	4
wP8	6	5	4	5
wP8	6	6	6	6
wP8	6	7	4	7
wP8	7	0	7	0
wP8	7	1	7	1
wP8	7	2	7	2
wP8	7	3	7	3
wP8	7	4	6	4
wP8	7	5	7	5
wP8	7	6	7	6
wP8	7	7	7	7
wR1	0	0	7	0
wR1	0	1	0	5
wR1	0	2	1	2
wR1	0	3	1	3
wR1	0	4	4	4
wR1	0	5	0	7
wR1	0	6	0	4
wR1	0	7	6	7
wR1	1	0	1	0
wR1	1	1	1	4
wR1	1	2	6	2
wR1	1	3	7	3
wR1	1	4	1	0
wR1	1	5	1	3
wR1	1	6	7	6
wR1	1	7	3	7
wR1	2	0	6	0
wR1	2	1	2	4
wR1	2	2	2	6
wR1	2	3	2	3
wR1	2	4	7	4
wR1	2	5	6	5
wR1	2	6	2	0
wR1	2	7	2	6
wR1	3	0	7	0
wR1	3	1	0	1
wR1	3	2	1	2
wR1	3	3	6	3
wR1	3	4	3	7
wR1	3	5	3	1
wR1	3	6	0	6
wR1	3	7	6	7
wR1	4	0	4	3
wR1	4	1	4	5
wR1	4	2	7	2
wR1	4	3	6	3
wR1	4	4	4	5
wR1	4	5	6	5
wR1	4	6	4	3
wR1	4	7	4	3
wR1	5	0	5	7
wR1	5	1	7	1
wR1	5	2	5	6
wR1	5	3	5	6
wR1	5	4	5	2
wR1	5	5	3	5
wR1	5	6	5	2
wR1	5	7	5	5
wR1	6	0	6	3
wR1	6	1	7	1
wR1	6	2	5	2
wR1	6	3	6	3
wR1	6	4	4	4
wR1	6	5	3	5
wR1	6	6	7	6
wR1	6	7	6	5
wR1	7	0	5	0
wR1	7	1	2	1
wR1	7	2	0	2
wR1	7	3	6	3
wR1	7	4	5	4
wR1	7	5	7	7
wR1	7	6	5	6
wR1	7	7	0	7
wT1	0	0	0	0
wT1	0	1	1	3
wT1	0	2	1	4
wT1	0	3	1	5
wT1	0	4	0	4
wT1	0	5	0	5
wT1	0	6	2	7
wT1	0	7	2	6
wT1	1	0	1	0
wT1	1	1	3	0
wT1	1	2	1	2
wT1	1	3	2	5
wT1	1	4	0	2
wT1	1	5	2	3
wT1	1	6	3	5
wT1	1	7	3	6
wT1	2	0	4	1
wT1	2	1	1	3
wT1	2	2	4	1
wT1	2	3	3	1
wT1	2	4	1	2
wT1	2	5	4	4
wT1	2	6	1	4
wT1	2	7	0	6
wT1	3	0	4	2
wT1	3	1	5	2
wT1	3	2	2	4
wT1	3	3	4	5
wT1	3	4	2	6
wT1	3	5	3	5
wT1	3	6	4	4
wT1	3	7	2	5
wT1	4	0	3	2
wT1	4	1	3	3
wT1	4	2	6	1
wT1	4	3	4	3
wT1	4	4	4	4
wT1	4	5	2	4
wT1	4	6	6	7
wT1	4	7	6	6
wT1	5	0	6	2
wT1	5	1	5	1
wT1	5	2	7	1
wT1	5	3	7	2
wT1	5	4	6	2
wT1	5	5	7	4
wT1	5	6	5	6
wT1	5	7	6	5
wT1	6	0	5	2
wT1	6	1	4	0
wT1	6	2	7	0
wT1	6	3	4	4
wT1	6	4	7	6
wT1	6	5	7	3
wT1	6	6	5	4
wT1	6	7	4	6
wT1	7	0	5	1
wT1	7	1	5	2
wT1	7	2	5	3
wT1	7	3	5	2
wT1	7	4	5	5
wT1	7	5	6	7
wT1	7	6	5	5
wT1	7	7	6	5
wB1	0	0	5	5
wB1	0	1	1	2
wB1	0	2	1	1
wB1	0	3	4	7
wB1	0	4	3	7
wB1	0	5	4	1
wB1	0	6	0	6
wB1	0	7	6	1
wB1	1	0	3	2
wB1	1	1	1	1
wB1	1	2	0	3
wB1	1	3	0	2
wB1	1	4	0	5
wB1	1	5	3	7
wB1	1	6	2	5
wB1	1	7	5	3
wB1	2	0	5	3
wB1	2	1	0	3
wB1	2	2	3	3
wB1	2	3	3	4
wB1	2	4	5	1
wB1	2	5	4	3
wB1	2	6	0	4
wB1	2	7	5	4
wB1	3	0	2	1
wB1	3	1	7	5
wB1	3	2	4	3
wB1	3	3	5	1
wB1	3	4	7	0
wB1	3	5	4	4
wB1	3	6	7	2
wB1	3	7	0	4
wB1	4	0	6	2
wB1	4	1	7	4
wB1	4	2	4	2
wB1	4	3	7	0
wB1	4	4	6	6
wB1	4	5	4	5
wB1	4	6	6	4
wB1	4	7	6	5
wB1	5	0	4	1
wB1	5	1	5	1
wB1	5	2	7	4
wB1	5	3	2	6
wB1	5	4	6	3
wB1	5	5	1	1
wB1	5	6	4	7
wB1	5	7	0	2
wB1	6	0	6	0
wB1	6	1	5	0
wB1	6	2	7	1
wB1	6	3	3	6
wB1	6	4	5	5
wB1	6	5	5	4
wB1	6	6	3	3
wB1	6	7	4	5
wB1	7	0	2	5
wB1	7	1	1	7
wB1	7	2	3	6
wB1	7	3	3	7
wB1	7	4	4	1
wB1	7	5	7	5
wB1	7	6	6	5
wB1	7	7	4	4
wQ	0	0	0	5
wQ	0	1	0	7
wQ	0	2	7	2
wQ	0	3	0	5
wQ	0	4	7	4
wQ	0	5	3	2
wQ	0	6	5	1
wQ	0	7	4	3
wQ	1	0	6	5
wQ	1	1	7	7
wQ	1	2	2	3
wQ	1	3	1	4
wQ	1	4	1	3
wQ	1	5	5	5
wQ	1	6	6	6
wQ	1	7	3	5
wQ	2	0	2	0
wQ	2	1	0	1
wQ	2	2	3	3
wQ	2	3	2	7
wQ	2	4	3	5
wQ	2	5	2	6
wQ	2	6	3	7
wQ	2	7	2	6
wQ	3	0	6	0
wQ	3	1	4	0
wQ	3	2	1	2
wQ	3	3	4	4
wQ	3	4	0	1
wQ	3	5	2	4
wQ	3	6	2	5
wQ	3	7	0	4
wQ	4	0	4	1
wQ	4	1	4	0
wQ	4	2	7	5
wQ	4	3	6	3
wQ	4	4	2	4
wQ	4	5	3	4
wQ	4	6	2	6
wQ	4	7	4	3
wQ	5	0	1	0
wQ	5	1	7	3
wQ	5	2	6	2
wQ	5	3	5	1
wQ	5	4	2	7
wQ	5	5	5	7
wQ	5	6	5	7
wQ	5	7	1	7
wQ	6	0	7	1
wQ	6	1	6	0
wQ	6	2	7	3
wQ	6	3	6	2
wQ	6	4	4	4
wQ	6	5	6	0
wQ	6	6	0	6
wQ	6	7	6	6
wQ	7	0	7	5
wQ	7	1	7	3
wQ	7	2	4	2
wQ	7	3	6	4
wQ	7	4	7	3
wQ	7	5	6	5
wQ	7	6	7	4
wQ	7	7	0	7
wK	0	0	1	0
wK	0	1	0	1
wK	0	2	1	2
wK	0	3	0	4
wK	0	4	0	5
wK	0	5	0	6
wK	0	6	1	6
wK	0	7	0	6
wK	1	0	1	1
wK	1	1	2	0
wK	1	2	2	1
wK	1	3	1	2
wK	1	4	2	3
wK	1	5	0	5
wK	1	6	0	5
wK	1	7	0	7
wK	2	0	1	1
wK	2	1	3	2
wK	2	2	3	2
wK	2	3	1	3
wK	2	4	3	5
wK	2	5	2	5
wK	2	6	2	5
wK	2	7	3	7
wK	3	0	2	0
wK	3	1	4	0
wK	3	2	4	3
wK	3	3	2	4
wK	3	4	2	3
wK	3	5	4	5
wK	3	6	2	7
wK	3	7	3	6
wK	4	0	3	0
wK	4	1	3	2
wK	4	2	3	2
wK	4	3	4	4
wK	4	4	4	4
wK	4	5	4	4
wK	4	6	3	7
wK	4	7	5	7
wK	5	0	5	0
wK	5	1	6	2
wK	5	2	5	3
wK	5	3	4	2
wK	5	4	4	5
wK	5	5	4	5
wK	5	6	4	7
wK	5	7	5	6
wK	6	0	7	1
wK	6	1	5	0
wK	6	2	7	3
wK	6	3	6	3
wK	6	4	5	5
wK	6	5	5	4
wK	6	6	6	7
wK	6	7	7	6
wK	7	0	6	0
wK	7	1	6	2
wK	7	2	6	2
wK	7	3	7	3
wK	7	4	6	3
wK	7	5	7	6
wK	7	6	6	5
wK	7	7	7	7
wB2	0	0	4	4
wB2	0	1	2	3
wB2	0	2	1	1
wB2	0	3	2	5
wB2	0	4	0	4
wB2	0	5	3	2
wB2	0	6	4	2
wB2	0	7	1	6
wB2	1	0	7	6
wB2	1	1	2	2
wB2	1	2	5	6
wB2	1	3	0	2
wB2	1	4	2	5
wB2	1	5	2	6
wB2	1	6	6	1
wB2	1	7	7	1
wB2	2	0	1	1
wB2	2	1	2	1
wB2	2	2	7	7
wB2	2	3	5	0
wB2	2	4	5	7
wB2	2	5	5	2
wB2	2	6	5	3
wB2	2	7	1	6
wB2	3	0	5	2
wB2	3	1	7	5
wB2	3	2	0	5
wB2	3	3	2	2
wB2	3	4	6	7
wB2	3	5	7	1
wB2	3	6	3	6
wB2	3	7	3	7
wB2	4	0	4	0
wB2	4	1	2	3
wB2	4	2	6	0
wB2	4	3	4	3
wB2	4	4	4	4
wB2	4	5	4	5
wB2	4	6	3	7
wB2	4	7	3	6
wB2	5	0	6	1
wB2	5	1	3	3
wB2	5	2	4	3
wB2	5	3	1	7
wB2	5	4	7	2
wB2	5	5	1	1
wB2	5	6	4	7
wB2	5	7	6	6
wB2	6	0	3	3
wB2	6	1	4	3
wB2	6	2	1	7
wB2	6	3	7	4
wB2	6	4	7	3
wB2	6	5	4	7
wB2	6	6	2	2
wB2	6	7	0	1
wB2	7	0	0	7
wB2	7	1	5	3
wB2	7	2	2	7
wB2	7	3	6	2
wB2	7	4	4	1
wB2	7	5	3	1
wB2	7	6	1	0
wB2	7	7	0	0
wT2	0	0	1	2
wT2	0	1	2	2
wT2	0	2	2	1
wT2	0	3	2	4
wT2	0	4	0	4
wT2	0	5	0	5
wT2	0	6	2	5
wT2	0	7	1	5
wT2	1	0	1	0
wT2	1	1	1	1
wT2	1	2	0	4
wT2	1	3	0	5
wT2	1	4	0	2
wT2	1	5	2	7
wT2	1	6	0	4
wT2	1	7	1	7
wT2	2	0	3	2
wT2	2	1	4	2
wT2	2	2	2	2
wT2	2	3	2	3
wT2	2	4	2	4
wT2	2	5	0	4
wT2	2	6	0	7
wT2	2	7	3	5
wT2	3	0	4	2
wT2	3	1	4	3
wT2	3	2	1	1
wT2	3	3	3	3
wT2	3	4	4	6
wT2	3	5	1	4
wT2	3	6	5	5
wT2	3	7	2	5
wT2	4	0	3	2
wT2	4	1	6	2
wT2	4	2	3	4
wT2	4	3	3	5
wT2	4	4	3	6
wT2	4	5	5	3
wT2	4	6	6	5
wT2	4	7	5	5
wT2	5	0	7	1
wT2	5	1	7	2
wT2	5	2	6	4
wT2	5	3	6	1
wT2	5	4	4	2
wT2	5	5	3	6
wT2	5	6	3	5
wT2	5	7	6	5
wT2	6	0	6	0
wT2	6	1	4	2
wT2	6	2	4	1
wT2	6	3	6	3
wT2	6	4	4	3
wT2	6	5	7	7
wT2	6	6	7	4
wT2	6	7	7	5
wT2	7	0	7	0
wT2	7	1	5	0
wT2	7	2	5	3
wT2	7	3	6	5
wT2	7	4	5	5
wT2	7	5	6	7
wT2	7	6	5	7
wT2	7	7	6	5
wR2	0	0	0	0
wR2	0	1	7	1
wR2	0	2	0	3
wR2	0	3	0	0
wR2	0	4	7	4
wR2	0	5	0	6
wR2	0	6	0	7
wR2	0	7	7	7
wR2	1	0	5	0
wR2	1	1	1	0
wR2	1	2	1	2
wR2	1	3	3	3
wR2	1	4	1	5
wR2	1	5	7	5
wR2	1	6	1	7
wR2	1	7	6	7
wR2	2	0	2	5
wR2	2	1	1	1
wR2	2	2	4	2
wR2	2	3	2	7
wR2	2	4	7	4
wR2	2	5	1	5
wR2	2	6	5	6
wR2	2	7	2	5
wR2	3	0	3	3
wR2	3	1	2	1
wR2	3	2	1	2
wR2	3	3	3	5
wR2	3	4	3	4
wR2	3	5	3	1
wR2	3	6	3	7
wR2	3	7	5	7
wR2	4	0	5	0
wR2	4	1	1	1
wR2	4	2	5	2
wR2	4	3	4	5
wR2	4	4	3	4
wR2	4	5	4	1
wR2	4	6	4	5
wR2	4	7	4	6
wR2	5	0	3	0
wR2	5	1	4	1
wR2	5	2	3	2
wR2	5	3	5	7
wR2	5	4	5	1
wR2	5	5	4	5
wR2	5	6	1	6
wR2	5	7	5	6
wR2	6	0	0	0
wR2	6	1	5	1
wR2	6	2	2	2
wR2	6	3	5	3
wR2	6	4	6	2
wR2	6	5	3	5
wR2	6	6	6	1
wR2	6	7	1	7
wR2	7	0	1	0
wR2	7	1	2	1
wR2	7	2	0	2
wR2	7	3	4	3
wR2	7	4	2	4
wR2	7	5	6	5
wR2	7	6	0	6
wR2	7	7	5	7
wQ1	0	0	6	6
wQ1	0	1	1	2
wQ1	0	2	0	7
wQ1	0	3	0	3
wQ1	0	4	1	3
wQ1	0	5	1	4
wQ1	0	6	0	1
wQ1	0	7	0	7
wQ1	1	0	2	1
wQ1	1	1	1	3
wQ1	1	2	1	0
wQ1	1	3	1	1
wQ1	1	4	0	5
wQ1	1	5	0	6
wQ1	1	6	5	2
wQ1	1	7	1	3
wQ1	2	0	2	6
wQ1	2	1	5	1
wQ1	2	2	4	2
wQ1	2	3	6	7
wQ1	2	4	1	4
wQ1	2	5	2	6
wQ1	2	6	2	0
wQ1	2	7	2	1
wQ1	3	0	5	0
wQ1	3	1	7	1
wQ1	3	2	3	1
wQ1	3	3	0	0
wQ1	3	4	5	6
wQ1	3	5	2	6
wQ1	3	6	7	2
wQ1	3	7	3	0
wQ1	4	0	4	4
wQ1	4	1	1	4
wQ1	4	2	4	1
wQ1	4	3	2	1
wQ1	4	4	7	4
wQ1	4	5	4	0
wQ1	4	6	4	1
wQ1	4	7	3	6
wQ1	5	0	6	0
wQ1	5	1	4	1
wQ1	5	2	3	0
wQ1	5	3	3	5
wQ1	5	4	5	5
wQ1	5	5	5	4
wQ1	5	6	5	6
wQ1	5	7	3	5
wQ1	6	0	0	6
wQ1	6	1	7	0
wQ1	6	2	0	2
wQ1	6	3	0	3
wQ1	6	4	4	2
wQ1	6	5	2	5
wQ1	6	6	1	1
wQ1	6	7	5	7
wQ1	7	0	6	0
wQ1	7	1	1	7
wQ1	7	2	7	4
wQ1	7	3	7	0
wQ1	7	4	5	2
wQ1	7	5	2	5
wQ1	7	6	6	7
wQ1	7	7	6	7
wQ2	0	0	0	6
wQ2	0	1	1	0
wQ2	0	2	3	2
wQ2	0	3	1	2
wQ2	0	4	2	6
wQ2	0	5	6	5
wQ2	0	6	7	6
wQ2	0	7	5	2
wQ2	1	0	2	0
wQ2	1	1	1	0
wQ2	1	2	1	5
wQ2	1	3	4	3
wQ2	1	4	3	2
wQ2	1	5	2	4
wQ2	1	6	5	2
wQ2	1	7	0	7
wQ2	2	0	6	0
wQ2	2	1	1	1
wQ2	2	2	6	2
wQ2	2	3	4	5
wQ2	2	4	2	1
wQ2	2	5	6	1
wQ2	2	6	2	4
wQ2	2	7	4	5
wQ2	3	0	0	3
wQ2	3	1	1	1
wQ2	3	2	4	3
wQ2	3	3	5	5
wQ2	3	4	2	5
wQ2	3	5	3	0
wQ2	3	6	4	7
wQ2	3	7	5	5
wQ2	4	0	4	6
wQ2	4	1	1	1
wQ2	4	2	4	1
wQ2	4	3	0	7
wQ2	4	4	4	5
wQ2	4	5	2	7
wQ2	4	6	1	6
wQ2	4	7	1	7
wQ2	5	0	4	1
wQ2	5	1	1	1
wQ2	5	2	5	7
wQ2	5	3	5	6
wQ2	5	4	5	0
wQ2	5	5	5	4
wQ2	5	6	2	3
wQ2	5	7	6	6
wQ2	6	0	5	1
wQ2	6	1	6	0
wQ2	6	2	6	0
wQ2	6	3	7	2
wQ2	6	4	4	4
wQ2	6	5	6	4
wQ2	6	6	5	6
wQ2	6	7	5	6
wQ2	7	0	7	7
wQ2	7	1	6	0
wQ2	7	2	7	5
wQ2	7	3	7	5
wQ2	7	4	7	6
wQ2	7	5	7	5
wQ2	7	6	7	1
wQ2	7	7	1	7
wQ3	0	0	5	5
wQ3	0	1	6	7
wQ3	0	2	2	0
wQ3	0	3	4	7
wQ3	0	4	0	6
wQ3	0	5	2	7
wQ3	0	6	0	7
wQ3	0	7	0	5
wQ3	1	0	6	5
wQ3	1	1	5	5
wQ3	1	2	7	2
wQ3	1	3	1	0
wQ3	1	4	1	4
wQ3	1	5	2	5
wQ3	1	6	6	1
wQ3	1	7	1	2
wQ3	2	0	4	0
wQ3	2	1	7	6
wQ3	2	2	3	3
wQ3	2	3	2	2
wQ3	2	4	5	4
wQ3	2	5	7	5
wQ3	2	6	1	5
wQ3	2	7	3	6
wQ3	3	0	2	0
wQ3	3	1	0	1
wQ3	3	2	5	0
wQ3	3	3	1	5
wQ3	3	4	4	5
wQ3	3	5	3	0
wQ3	3	6	0	3
wQ3	3	7	3	4
wQ3	4	0	3	0
wQ3	4	1	4	0
wQ3	4	2	4	3
wQ3	4	3	4	5
wQ3	4	4	4	2
wQ3	4	5	6	7
wQ3	4	6	4	4
wQ3	4	7	3	7
wQ3	5	0	7	0
wQ3	5	1	5	1
wQ3	5	2	5	2
wQ3	5	3	2	6
wQ3	5	4	2	4
wQ3	5	5	5	6
wQ3	5	6	3	6
wQ3	5	7	4	7
wQ3	6	0	4	2
wQ3	6	1	6	5
wQ3	6	2	6	6
wQ3	6	3	3	3
wQ3	6	4	5	5
wQ3	6	5	6	6
wQ3	6	6	3	3
wQ3	6	7	1	2
wQ3	7	0	7	6
wQ3	7	1	5	1
wQ3	7	2	5	4
wQ3	7	3	7	3
wQ3	7	4	4	7
wQ3	7	5	4	5
wQ3	7	6	7	0
wQ3	7	7	3	3
wQ4	0	0	0	3
wQ4	0	1	2	1
wQ4	0	2	2	0
wQ4	0	3	3	6
wQ4	0	4	0	1
wQ4	0	5	0	1
wQ4	0	6	2	6
wQ4	0	7	4	7
wQ4	1	0	3	2
wQ4	1	1	3	3
wQ4	1	2	4	5
wQ4	1	3	1	7
wQ4	1	4	5	0
wQ4	1	5	1	3
wQ4	1	6	1	2
wQ4	1	7	1	3
wQ4	2	0	2	7
wQ4	2	1	3	2
wQ4	2	2	2	4
wQ4	2	3	2	3
wQ4	2	4	4	6
wQ4	2	5	2	1
wQ4	2	6	2	4
wQ4	2	7	0	7
wQ4	3	0	3	5
wQ4	3	1	3	5
wQ4	3	2	2	1
wQ4	3	3	0	6
wQ4	3	4	3	6
wQ4	3	5	7	5
wQ4	3	6	3	3
wQ4	3	7	3	2
wQ4	4	0	4	4
wQ4	4	1	4	7
wQ4	4	2	1	5
wQ4	4	3	1	0
wQ4	4	4	4	3
wQ4	4	5	7	5
wQ4	4	6	1	3
wQ4	4	7	2	7
wQ4	5	0	5	7
wQ4	5	1	0	1
wQ4	5	2	7	2
wQ4	5	3	5	4
wQ4	5	4	4	3
wQ4	5	5	7	3
wQ4	5	6	5	3
wQ4	5	7	5	1
wQ4	6	0	0	6
wQ4	6	1	7	2
wQ4	6	2	7	2
wQ4	6	3	5	2
wQ4	6	4	1	4
wQ4	6	5	6	7
wQ4	6	6	4	6
wQ4	6	7	3	4
wQ4	7	0	6	0
wQ4	7	1	2	6
wQ4	7	2	2	2
wQ4	7	3	7	7
wQ4	7	4	5	4
wQ4	7	5	6	6
wQ4	7	6	2	6
wQ4	7	7	6	6
wQ5	0	0	4	4
wQ5	0	1	5	1
wQ5	0	2	4	2
wQ5	0	3	0	2
wQ5	0	4	4	4
wQ5	0	5	2	5
wQ5	0	6	6	0
wQ5	0	7	6	1
wQ5	1	0	1	5
wQ5	1	1	5	1
wQ5	1	2	6	2
wQ5	1	3	2	3
wQ5	1	4	4	1
wQ5	1	5	3	7
wQ5	1	6	5	6
wQ5	1	7	1	1
wQ5	2	0	4	0
wQ5	2	1	0	1
wQ5	2	2	0	2
wQ5	2	3	4	5
wQ5	2	4	5	7
wQ5	2	5	3	5
wQ5	2	6	2	1
wQ5	2	7	2	4
wQ5	3	0	4	0
wQ5	3	1	2	1
wQ5	3	2	5	0
wQ5	3	3	0	3
wQ5	3	4	3	3
wQ5	3	5	1	5
wQ5	3	6	3	1
wQ5	3	7	4	7
wQ5	4	0	6	2
wQ5	4	1	4	6
wQ5	4	2	4	6
wQ5	4	3	3	2
wQ5	4	4	4	7
wQ5	4	5	4	6
wQ5	4	6	3	7
wQ5	4	7	6	7
wQ5	5	0	0	5
wQ5	5	1	5	2
wQ5	5	2	4	2
wQ5	5	3	5	5
wQ5	5	4	7	2
wQ5	5	5	2	2
wQ5	5	6	1	2
wQ5	5	7	0	7
wQ5	6	0	2	0
wQ5	6	1	6	4
wQ5	6	2	5	1
wQ5	6	3	6	2
wQ5	6	4	3	4
wQ5	6	5	3	2
wQ5	6	6	6	5
wQ5	6	7	7	7
wQ5	7	0	7	7
wQ5	7	1	7	0
wQ5	7	2	4	2
wQ5	7	3	7	2
wQ5	7	4	7	5
wQ5	7	5	4	2
wQ5	7	6	6	5
wQ5	7	7	2	7
wQ6	0	0	2	2
wQ6	0	1	0	4
wQ6	0	2	2	0
wQ6	0	3	1	2
wQ6	0	4	0	0
wQ6	0	5	0	2
wQ6	0	6	0	5
wQ6	0	7	5	2
wQ6	1	0	3	2
wQ6	1	1	2	0
wQ6	1	2	3	0
wQ6	1	3	1	5
wQ6	1	4	3	4
wQ6	1	5	1	2
wQ6	1	6	6	1
wQ6	1	7	4	4
wQ6	2	0	1	0
wQ6	2	1	7	1
wQ6	2	2	4	2
wQ6	2	3	5	3
wQ6	2	4	3	4
wQ6	2	5	3	6
wQ6	2	6	2	2
wQ6	2	7	2	4
wQ6	3	0	3	3
wQ6	3	1	6	1
wQ6	3	2	4	2
wQ6	3	3	7	7
wQ6	3	4	0	1
wQ6	3	5	0	5
wQ6	3	6	4	7
wQ6	3	7	7	7
wQ6	4	0	3	0
wQ6	4	1	4	3
wQ6	4	2	0	6
wQ6	4	3	4	3
wQ6	4	4	4	7
wQ6	4	5	7	2
wQ6	4	6	4	1
wQ6	4	7	6	5
wQ6	5	0	7	2
wQ6	5	1	2	1
wQ6	5	2	0	7
wQ6	5	3	6	4
wQ6	5	4	3	2
wQ6	5	5	5	7
wQ6	5	6	5	5
wQ6	5	7	6	7
wQ6	6	0	7	1
wQ6	6	1	3	1
wQ6	6	2	1	2
wQ6	6	3	6	5
wQ6	6	4	7	4
wQ6	6	5	0	5
wQ6	6	6	5	5
wQ6	6	7	6	2
wQ6	7	0	4	3
wQ6	7	1	7	6
wQ6	7	2	7	1
wQ6	7	3	4	6
wQ6	7	4	1	4
wQ6	7	5	2	0
wQ6	7	6	7	3
wQ6	7	7	4	7
wQ7	0	0	1	0
wQ7	0	1	0	7
wQ7	0	2	0	2
wQ7	0	3	0	4
wQ7	0	4	3	7
wQ7	0	5	1	5
wQ7	0	6	2	4
wQ7	0	7	0	3
wQ7	1	0	1	0
wQ7	1	1	6	6
wQ7	1	2	5	2
wQ7	1	3	3	1
wQ7	1	4	1	2
wQ7	1	5	1	2
wQ7	1	6	7	6
wQ7	1	7	7	1
wQ7	2	0	3	0
wQ7	2	1	2	2
wQ7	2	2	1	3
wQ7	2	3	0	3
wQ7	2	4	2	7
wQ7	2	5	3	5
wQ7	2	6	5	3
wQ7	2	7	1	7
wQ7	3	0	5	2
wQ7	3	1	3	0
wQ7	3	2	3	5
wQ7	3	3	6	3
wQ7	3	4	3	6
wQ7	3	5	2	4
wQ7	3	6	3	3
wQ7	3	7	6	7
wQ7	4	0	4	3
wQ7	4	1	3	2
wQ7	4	2	4	7
wQ7	4	3	4	0
wQ7	4	4	6	4
wQ7	4	5	4	3
wQ7	4	6	5	6
wQ7	4	7	0	7
wQ7	5	0	5	0
wQ7	5	1	5	0
wQ7	5	2	1	6
wQ7	5	3	5	3
wQ7	5	4	5	2
wQ7	5	5	4	5
wQ7	5	6	0	6
wQ7	5	7	0	7
wQ7	6	0	3	3
wQ7	6	1	0	1
wQ7	6	2	7	1
wQ7	6	3	1	3
wQ7	6	4	7	5
wQ7	6	5	1	5
wQ7	6	6	4	6
wQ7	6	7	3	7
wQ7	7	0	1	6
wQ7	7	1	5	3
wQ7	7	2	5	0
wQ7	7	3	6	4
wQ7	7	4	5	6
wQ7	7	5	7	4
wQ7	7	6	7	0
wQ7	7	7	1	7
wQ8	0	0	6	6
wQ8	0	1	5	1
wQ8	0	2	5	7
wQ8	0	3	1	2
wQ8	0	4	4	4
wQ8	0	5	4	1
wQ8	0	6	0	7
wQ8	0	7	0	2
wQ8	1	0	3	2
wQ8	1	1	5	5
wQ8	1	2	1	7
wQ8	1	3	1	0
wQ8	1	4	1	4
wQ8	1	5	5	1
wQ8	1	6	1	4
wQ8	1	7	7	7
wQ8	2	0	2	4
wQ8	2	1	2	3
wQ8	2	2	3	2
wQ8	2	3	4	5
wQ8	2	4	5	1
wQ8	2	5	1	5
wQ8	2	6	2	4
wQ8	2	7	2	3
wQ8	3	0	3	5
wQ8	3	1	3	7
wQ8	3	2	5	0
wQ8	3	3	5	1
wQ8	3	4	3	0
wQ8	3	5	5	3
wQ8	3	6	3	0
wQ8	3	7	4	7
wQ8	4	0	2	0
wQ8	4	1	4	4
wQ8	4	2	1	5
wQ8	4	3	7	3
wQ8	4	4	4	5
wQ8	4	5	5	5
wQ8	4	6	4	2
wQ8	4	7	1	4
wQ8	5	0	3	0
wQ8	5	1	2	1
wQ8	5	2	5	0
wQ8	5	3	5	1
wQ8	5	4	5	4
wQ8	5	5	6	4
wQ8	5	6	0	1
wQ8	5	7	1	3
wQ8	6	0	6	6
wQ8	6	1	4	1
wQ8	6	2	0	2
wQ8	6	3	3	6
wQ8	6	4	3	4
wQ8	6	5	0	5
wQ8	6	6	6	1
wQ8	6	7	7	7
wQ8	7	0	3	0
wQ8	7	1	7	7
wQ8	7	2	7	1
wQ8	7	3	1	3
wQ8	7	4	4	7
wQ8	7	5	7	3
wQ8	7	6	7	6
wQ8	7	7	3	3
bQ1	0	0	0	4
bQ1	0	1	1	1
bQ1	0	2	2	2
bQ1	0	3	2	5
bQ1	0	4	6	4
bQ1	0	5	0	7
bQ1	0	6	1	5
bQ1	0	7	3	7
bQ1	1	0	3	0
bQ1	1	1	7	1
bQ1	1	2	5	2
bQ1	1	3	1	0
bQ1	1	4	4	1
bQ1	1	5	2	5
bQ1	1	6	0	7
bQ1	1	7	3	5
bQ1	2	0	2	0
bQ1	2	1	3	1
bQ1	2	2	4	0
bQ1	2	3	6	3
bQ1	2	4	5	7
bQ1	2	5	3	5
bQ1	2	6	5	3
bQ1	2	7	2	2
bQ1	3	0	0	0
bQ1	3	1	7	1
bQ1	3	2	3	7
bQ1	3	3	3	3
bQ1	3	4	1	4
bQ1	3	5	3	2
bQ1	3	6	3	3
bQ1	3	7	3	4
bQ1	4	0	4	6
bQ1	4	1	4	5
bQ1	4	2	6	2
bQ1	4	3	4	0
bQ1	4	4	3	3
bQ1	4	5	0	5
bQ1	4	6	3	6
bQ1	4	7	4	1
bQ1	5	0	2	3
bQ1	5	1	5	4
bQ1	5	2	6	2
bQ1	5	3	7	5
bQ1	5	4	3	4
bQ1	5	5	1	1
bQ1	5	6	6	7
bQ1	5	7	5	5
bQ1	6	0	6	7
bQ1	6	1	6	7
bQ1	6	2	6	3
bQ1	6	3	5	3
bQ1	6	4	4	6
bQ1	6	5	5	5
bQ1	6	6	3	3
bQ1	6	7	6	2
bQ1	7	0	7	2
bQ1	7	1	6	1
bQ1	7	2	7	3
bQ1	7	3	7	5
bQ1	7	4	7	2
bQ1	7	5	7	6
bQ1	7	6	6	7
bQ1	7	7	2	2
bQ2	0	0	1	0
bQ2	0	1	5	6
bQ2	0	2	0	1
bQ2	0	3	0	4
bQ2	0	4	1	5
bQ2	0	5	4	1
bQ2	0	6	1	6
bQ2	0	7	0	7
bQ2	1	0	1	1
bQ2	1	1	6	6
bQ2	1	2	2	2
bQ2	1	3	0	3
bQ2	1	4	6	4
bQ2	1	5	1	2
bQ2	1	6	1	3
bQ2	1	7	1	0
bQ2	2	0	1	1
bQ2	2	1	2	0
bQ2	2	2	2	1
bQ2	2	3	2	4
bQ2	2	4	2	2
bQ2	2	5	2	1
bQ2	2	6	2	6
bQ2	2	7	2	7
bQ2	3	0	4	0
bQ2	3	1	5	1
bQ2	3	2	3	7
bQ2	3	3	0	6
bQ2	3	4	6	4
bQ2	3	5	7	1
bQ2	3	6	7	6
bQ2	3	7	7	7
bQ2	4	0	0	0
bQ2	4	1	5	2
bQ2	4	2	7	2
bQ2	4	3	4	1
bQ2	4	4	1	4
bQ2	4	5	2	7
bQ2	4	6	4	5
bQ2	4	7	4	1
bQ2	5	0	4	0
bQ2	5	1	2	4
bQ2	5	2	0	7
bQ2	5	3	5	4
bQ2	5	4	5	6
bQ2	5	5	2	2
bQ2	5	6	5	4
bQ2	5	7	5	1
bQ2	6	0	0	0
bQ2	6	1	5	0
bQ2	6	2	5	3
bQ2	6	3	3	3
bQ2	6	4	2	4
bQ2	6	5	6	0
bQ2	6	6	6	3
bQ2	6	7	6	3
bQ2	7	0	4	0
bQ2	7	1	7	1
bQ2	7	2	1	2
bQ2	7	3	7	3
bQ2	7	4	7	5
bQ2	7	5	6	4
bQ2	7	6	4	6
bQ2	7	7	1	7
bQ3	0	0	2	0
bQ3	0	1	4	1
bQ3	0	2	0	1
bQ3	0	3	2	5
bQ3	0	4	0	2
bQ3	0	5	2	7
bQ3	0	6	3	6
bQ3	0	7	0	3
bQ3	1	0	1	5
bQ3	1	1	4	4
bQ3	1	2	7	2
bQ3	1	3	1	2
bQ3	1	4	0	3
bQ3	1	5	0	4
bQ3	1	6	5	6
bQ3	1	7	2	6
bQ3	2	0	6	0
bQ3	2	1	4	1
bQ3	2	2	2	5
bQ3	2	3	2	6
bQ3	2	4	4	4
bQ3	2	5	5	5
bQ3	2	6	0	4
bQ3	2	7	2	3
bQ3	3	0	3	2
bQ3	3	1	0	4
bQ3	3	2	1	2
bQ3	3	3	3	4
bQ3	3	4	6	4
bQ3	3	5	4	6
bQ3	3	6	6	6
bQ3	3	7	3	4
bQ3	4	0	0	4
bQ3	4	1	3	1
bQ3	4	2	1	2
bQ3	4	3	6	3
bQ3	4	4	6	4
bQ3	4	5	2	7
bQ3	4	6	4	5
bQ3	4	7	0	7
bQ3	5	0	1	0
bQ3	5	1	1	5
bQ3	5	2	5	1
bQ3	5	3	5	7
bQ3	5	4	0	4
bQ3	5	5	3	7
bQ3	5	6	5	5
bQ3	5	7	7	5
bQ3	6	0	5	0
bQ3	6	1	6	0
bQ3	6	2	4	0
bQ3	6	3	2	7
bQ3	6	4	0	4
bQ3	6	5	4	3
bQ3	6	6	6	7
bQ3	6	7	6	3
bQ3	7	0	2	0
bQ3	7	1	1	7
bQ3	7	2	3	6
bQ3	7	3	7	2
bQ3	7	4	2	4
bQ3	7	5	6	6
bQ3	7	6	7	3
bQ3	7	7	0	7
bQ4	0	0	7	7
bQ4	0	1	2	3
bQ4	0	2	0	4
bQ4	0	3	5	3
bQ4	0	4	1	5
bQ4	0	5	3	5
bQ4	0	6	5	1
bQ4	0	7	0	1
bQ4	1	0	1	0
bQ4	1	1	3	3
bQ4	1	2	0	2
bQ4	1	3	2	3
bQ4	1	4	3	6
bQ4	1	5	1	2
bQ4	1	6	4	3
bQ4	1	7	2	7
bQ4	2	0	6	4
bQ4	2	1	2	0
bQ4	2	2	2	4
bQ4	2	3	2	7
bQ4	2	4	4	2
bQ4	2	5	1	5
bQ4	2	6	2	1
bQ4	2	7	2	5
bQ4	3	0	6	3
bQ4	3	1	3	4
bQ4	3	2	2	2
bQ4	3	3	4	3
bQ4	3	4	4	4
bQ4	3	5	6	2
bQ4	3	6	5	4
bQ4	3	7	1	7
bQ4	4	0	1	0
bQ4	4	1	4	1
bQ4	4	2	4	2
bQ4	4	3	5	3
bQ4	4	4	4	7
bQ4	4	5	4	3
bQ4	4	6	3	6
bQ4	4	7	3	7
bQ4	5	0	5	3
bQ4	5	1	7	1
bQ4	5	2	5	1
bQ4	5	3	5	0
bQ4	5	4	5	2
bQ4	5	5	4	5
bQ4	5	6	0	1
bQ4	5	7	6	7
bQ4	6	0	6	7
bQ4	6	1	3	1
bQ4	6	2	1	7
bQ4	6	3	3	0
bQ4	6	4	6	5
bQ4	6	5	3	5
bQ4	6	6	6	5
bQ4	6	7	0	7
bQ4	7	0	7	7
bQ4	7	1	7	2
bQ4	7	2	6	2
bQ4	7	3	7	1
bQ4	7	4	5	4
bQ4	7	5	7	3
bQ4	7	6	2	1
bQ4	7	7	0	0
bQ5	0	0	0	6
bQ5	0	1	1	1
bQ5	0	2	0	2
bQ5	0	3	0	6
bQ5	0	4	3	4
bQ5	0	5	5	5
bQ5	0	6	0	3
bQ5	0	7	0	4
bQ5	1	0	2	0
bQ5	1	1	2	2
bQ5	1	2	2	3
bQ5	1	3	1	5
bQ5	1	4	6	4
bQ5	1	5	3	5
bQ5	1	6	0	6
bQ5	1	7	7	1
bQ5	2	0	4	0
bQ5	2	1	2	5
bQ5	2	2	0	0
bQ5	2	3	7	3
bQ5	2	4	7	4
bQ5	2	5	1	6
bQ5	2	6	5	3
bQ5	2	7	2	2
bQ5	3	0	1	0
bQ5	3	1	3	4
bQ5	3	2	4	2
bQ5	3	3	4	3
bQ5	3	4	2	5
bQ5	3	5	2	5
bQ5	3	6	7	6
bQ5	3	7	4	6
bQ5	4	0	5	0
bQ5	4	1	3	0
bQ5	4	2	2	0
bQ5	4	3	4	0
bQ5	4	4	7	4
bQ5	4	5	4	1
bQ5	4	6	4	0
bQ5	4	7	2	5
bQ5	5	0	1	0
bQ5	5	1	4	0
bQ5	5	2	5	2
bQ5	5	3	7	1
bQ5	5	4	7	2
bQ5	5	5	3	5
bQ5	5	6	3	4
bQ5	5	7	7	5
bQ5	6	0	6	4
bQ5	6	1	5	0
bQ5	6	2	0	2
bQ5	6	3	4	5
bQ5	6	4	7	4
bQ5	6	5	5	4
bQ5	6	6	3	6
bQ5	6	7	5	7
bQ5	7	0	4	0
bQ5	7	1	5	1
bQ5	7	2	1	2
bQ5	7	3	7	6
bQ5	7	4	1	4
bQ5	7	5	5	3
bQ5	7	6	4	3
bQ5	7	7	7	5
bQ6	0	0	7	7
bQ6	0	1	5	6
bQ6	0	2	5	7
bQ6	0	3	0	2
bQ6	0	4	0	2
bQ6	0	5	1	6
bQ6	0	6	0	6
bQ6	0	7	0	3
bQ6	1	0	1	0
bQ6	1	1	4	4
bQ6	1	2	5	2
bQ6	1	3	3	1
bQ6	1	4	1	2
bQ6	1	5	4	5
bQ6	1	6	4	3
bQ6	1	7	6	7
bQ6	2	0	6	0
bQ6	2	1	7	6
bQ6	2	2	6	6
bQ6	2	3	2	5
bQ6	2	4	0	2
bQ6	2	5	3	6
bQ6	2	6	3	6
bQ6	2	7	2	2
bQ6	3	0	7	4
bQ6	3	1	7	1
bQ6	3	2	3	7
bQ6	3	3	0	6
bQ6	3	4	0	1
bQ6	3	5	3	2
bQ6	3	6	7	2
bQ6	3	7	2	7
bQ6	4	0	1	0
bQ6	4	1	3	1
bQ6	4	2	5	2
bQ6	4	3	4	0
bQ6	4	4	4	0
bQ6	4	5	3	5
bQ6	4	6	4	5
bQ6	4	7	0	7
bQ6	5	0	3	2
bQ6	5	1	5	2
bQ6	5	2	4	3
bQ6	5	3	3	5
bQ6	5	4	1	4
bQ6	5	5	5	5
bQ6	5	6	3	4
bQ6	5	7	5	2
bQ6	6	0	6	2
bQ6	6	1	2	1
bQ6	6	2	3	2
bQ6	6	3	5	4
bQ6	6	4	5	4
bQ6	6	5	6	4
bQ6	6	6	6	6
bQ6	6	7	6	2
bQ6	7	0	5	2
bQ6	7	1	5	3
bQ6	7	2	3	6
bQ6	7	3	5	1
bQ6	7	4	7	0
bQ6	7	5	7	4
bQ6	7	6	7	6
bQ6	7	7	2	7
bQ7	0	0	6	0
bQ7	0	1	6	1
bQ7	0	2	1	1
bQ7	0	3	4	7
bQ7	0	4	1	3
bQ7	0	5	2	7
bQ7	0	6	3	6
bQ7	0	7	0	0
bQ7	1	0	1	4
bQ7	1	1	7	1
bQ7	1	2	1	0
bQ7	1	3	1	5
bQ7	1	4	5	4
bQ7	1	5	1	7
bQ7	1	6	1	7
bQ7	1	7	7	7
bQ7	2	0	5	3
bQ7	2	1	2	4
bQ7	2	2	1	1
bQ7	2	3	2	0
bQ7	2	4	0	6
bQ7	2	5	2	3
bQ7	2	6	2	1
bQ7	2	7	7	2
bQ7	3	0	5	2
bQ7	3	1	3	4
bQ7	3	2	4	2
bQ7	3	3	3	0
bQ7	3	4	6	1
bQ7	3	5	0	2
bQ7	3	6	6	3
bQ7	3	7	3	3
bQ7	4	0	5	0
bQ7	4	1	7	1
bQ7	4	2	4	3
bQ7	4	3	1	0
bQ7	4	4	0	4
bQ7	4	5	4	4
bQ7	4	6	2	4
bQ7	4	7	0	7
bQ7	5	0	7	2
bQ7	5	1	4	1
bQ7	5	2	4	2
bQ7	5	3	2	6
bQ7	5	4	4	4
bQ7	5	5	4	4
bQ7	5	6	2	3
bQ7	5	7	2	7
bQ7	6	0	6	0
bQ7	6	1	2	5
bQ7	6	2	4	4
bQ7	6	3	7	3
bQ7	6	4	5	5
bQ7	6	5	1	0
bQ7	6	6	7	6
bQ7	6	7	6	7
bQ7	7	0	3	0
bQ7	7	1	3	1
bQ7	7	2	2	7
bQ7	7	3	3	7
bQ7	7	4	3	0
bQ7	7	5	3	1
bQ7	7	6	7	3
bQ7	7	7	1	1
bQ8	0	0	0	7
bQ8	0	1	6	1
bQ8	0	2	0	6
bQ8	0	3	0	5
bQ8	0	4	3	4
bQ8	0	5	0	1
bQ8	0	6	2	4
bQ8	0	7	3	4
bQ8	1	0	1	3
bQ8	1	1	7	1
bQ8	1	2	0	1
bQ8	1	3	2	2
bQ8	1	4	1	6
bQ8	1	5	3	5
bQ8	1	6	5	2
bQ8	1	7	1	6
bQ8	2	0	2	1
bQ8	2	1	2	3
bQ8	2	2	3	2
bQ8	2	3	3	4
bQ8	2	4	4	2
bQ8	2	5	4	5
bQ8	2	6	4	6
bQ8	2	7	3	7
bQ8	3	0	1	0
bQ8	3	1	3	5
bQ8	3	2	3	2
bQ8	3	3	7	3
bQ8	3	4	3	3
bQ8	3	5	4	6
bQ8	3	6	4	6
bQ8	3	7	7	7
bQ8	4	0	6	2
bQ8	4	1	6	1
bQ8	4	2	0	6
bQ8	4	3	4	6
bQ8	4	4	4	7
bQ8	4	5	3	6
bQ8	4	6	4	3
bQ8	4	7	4	3
bQ8	5	0	2	0
bQ8	5	1	2	4
bQ8	5	2	5	4
bQ8	5	3	4	3
bQ8	5	4	4	3
bQ8	5	5	6	4
bQ8	5	6	5	6
bQ8	5	7	0	2
bQ8	6	0	6	7
bQ8	6	1	6	6
bQ8	6	2	0	2
bQ8	6	3	4	1
bQ8	6	4	6	7
bQ8	6	5	3	5
bQ8	6	6	6	7
bQ8	6	7	7	6
bQ8	7	0	5	2
bQ8	7	1	7	2
bQ8	7	2	5	2
bQ8	7	3	4	6
bQ8	7	4	0	4
bQ8	7	5	7	0
bQ8	7	6	3	6
bQ8	7	7	7	3
